0,365
21,6
21,5
21,2
16,6
21,1
20,5
20,1
18,7
18,6
18,5
18,2
18,1
17,8
17,7
17,6
17,5
17,2
17,1
16,8
16,7
16,5
16,2
16,1
15,8
15,7
15,6
15,5
15,2
15,1
14,8
14,7
14,6
14,5
14,2
14,1
13,129
13,128
13,74
13,68
13,63
13,62
13,61
13,58
13,55
13,52
13,49
13,44
13,42
13,40
13,39
13,32
13,31
13,29
13,26
13,25
13,24
13,19
13,18
13,12
13,8
13,7
13,6
13,5
13,2
13,1
8,7
8,6
8,5
8,2
8,1
6,6
6,5
6,2
6,1
5,6
5,5
5,2
5,1
2,5
2,2
2,1
0,340
0,308
0,305
0,311
0,310
0,0
0,307
0,306
0,13
0,339
0,11
0,9
788,34
788,33
788,32
788,31
788,30
788,29
788,28
788,27
788,26
788,25
788,24
788,23
788,22
788,21
788,20
788,19
788,18
788,17
788,16
788,15
788,14
788,13
788,12
788,11
788,10
788,9
788,8
788,7
788,6
788,5
788,4
788,3
788,2
788,0
0,810
0,469
0,303
0,674
0,468
0,302
0,809
0,467
0,301
0,701
0,466
0,300
0,649
0,465
0,299
0,685
0,464
0,298
0,808
0,463
0,297
0,509
0,462
0,296
0,482
0,461
0,295
0,666
0,460
0,294
0,361
0,459
0,293
0,479
0,458
0,292
0,791
0,457
0,291
0,508
0,456
0,290
0,657
0,455
0,289
0,478
0,493
0,288
0,820
0,452
0,287
0,673
0,451
0,286
0,417
0,450
0,285
0,700
0,449
0,284
0,447
